================================================================================
BETA WEIGHTS PROGRESSION SUMMARY
================================================================================
Iteration    β0 (bias)          β1 (X0)            β2 (X1)            Avg |Error| 
--------------------------------------------------------------------------------
0            0.000000           0.300000           -0.500000          0.510181    
1            0.000000           0.300000           -0.500000          0.510181    
2            0.007334           0.333837           -0.465243          0.506780    
3            0.011559           0.365886           -0.432262          0.503541    
4            0.013036           0.396339           -0.400865          0.500456    
5            0.012088           0.425368           -0.370884          0.497513    
6            0.009003           0.453129           -0.342163          0.494701    
7            0.004038           0.479757           -0.314568          0.492006    
8            -0.002581          0.505376           -0.287978          0.489418    
9            -0.010651          0.530093           -0.262285          0.486925    
10           -0.019996          0.554005           -0.237395          0.484519    
11           -0.030458          0.577195           -0.213224          0.482188    
12           -0.041897          0.599740           -0.189697          0.479926    
13           -0.054192          0.621704           -0.166749          0.477725    
14           -0.067233          0.643147           -0.144321          0.475579    
15           -0.080926          0.664119           -0.122363          0.473482    
16           -0.095185          0.684668           -0.100829          0.471429    
17           -0.109937          0.704832           -0.079680          0.469416    
18           -0.125114          0.724649           -0.058879          0.467438    
19           -0.140660          0.744149           -0.038395          0.465493    
20           -0.156522          0.763360           -0.018200          0.463578    
================================================================================