================================================================================
BETA WEIGHTS PROGRESSION SUMMARY
================================================================================
Iteration    β0 (bias)          β1 (X0)            β2 (X1)            Avg |Error| 
--------------------------------------------------------------------------------
0            0.000000           0.300000           -0.500000          0.509678    
1            0.000000           0.300000           -0.500000          0.509678    
2            0.007973           0.335701           -0.464616          0.506037    
3            0.012714           0.369574           -0.431108          0.502570    
4            0.014598           0.401813           -0.399275          0.499268    
5            0.013960           0.432592           -0.368938          0.496120    
6            0.011098           0.462069           -0.339934          0.493112    
7            0.006280           0.490382           -0.312121          0.490232    
8            -0.000258          0.517657           -0.285369          0.487467    
9            -0.008308          0.544002           -0.259566          0.484805    
10           -0.017683          0.569516           -0.234612          0.482237    
================================================================================