==========================================================================================================================================================================================================================================================
ENHANCED DATASET TABLE WITH ITERATION RESULTS
==========================================================================================================================================================================================================================================================
Total Samples: 6000
Initial β0: [0, 0.3, -0.5], Learning Rate η: 0.3
Showing first 50 samples
==========================================================================================================================================================================================================================================================

Idx   Bias  X0         X1         y   | Iteration  0                                    | Iteration  5                                    | Iteration 10                                    | Iteration 15                                    | Iteration 20                                   
                                      | β=[ 0.000, 0.300,-0.500] | σ(z)      | Error      | β=[ 0.012, 0.425,-0.371] | σ(z)      | Error      | β=[-0.020, 0.554,-0.237] | σ(z)      | Error      | β=[-0.081, 0.664,-0.122] | σ(z)      | Error      | β=[-0.157, 0.763,-0.018] | σ(z)      | Error     
----------------------------------------------------------------------------------------------------------------------------------------------------------------------------------------------------------------------------------------------------------
0     1.0   0.349671   0.109219   0   |                                |  0.512570 | -0.512570 |                                |  0.530044 | -0.530044 |                                |  0.536882 | -0.536882 |                                |  0.534429 | -0.534429 |                                |  0.527077 | -0.527077
1     1.0   0.286174   0.213961   0   |                                |  0.494718 | -0.494718 |                                |  0.513612 | -0.513612 |                                |  0.521924 | -0.521924 |                                |  0.520725 | -0.520725 |                                |  0.514505 | -0.514505
2     1.0   0.364769   0.258639   0   |                                |  0.495028 | -0.495028 |                                |  0.517823 | -0.517823 |                                |  0.530135 | -0.530135 |                                |  0.532374 | -0.532374 |                                |  0.529272 | -0.529272
3     1.0   0.452303   0.488769   0   |                                |  0.472853 | -0.472853 |                                |  0.505802 | -0.505802 |                                |  0.528606 | -0.528606 |                                |  0.539828 | -0.539828 |                                |  0.544842 | -0.544842
4     1.0   0.276585   0.355655   0   |                                |  0.476305 | -0.476305 |                                |  0.499458 | -0.499458 |                                |  0.512198 | -0.512198 |                                |  0.514806 | -0.514806 |                                |  0.512032 | -0.512032
5     1.0   0.276586   0.166452   0   |                                |  0.499937 | -0.499937 |                                |  0.516995 | -0.516995 |                                |  0.523413 | -0.523413 |                                |  0.520587 | -0.520587 |                                |  0.512893 | -0.512893
6     1.0   0.457921   0.348604   0   |                                |  0.490770 | -0.490770 |                                |  0.519386 | -0.519386 |                                |  0.537663 | -0.537663 |                                |  0.545011 | -0.545011 |                                |  0.546538 | -0.546538
7     1.0   0.376743   0.145270   0   |                                |  0.510096 | -0.510096 |                                |  0.529582 | -0.529582 |                                |  0.538483 | -0.538483 |                                |  0.537803 | -0.537803 |                                |  0.532062 | -0.532062
8     1.0   0.253053   0.408269   0   |                                |  0.467989 | -0.467989 |                                |  0.492078 | -0.492078 |                                |  0.505819 | -0.505819 |                                |  0.509292 | -0.509292 |                                |  0.507304 | -0.507304
9     1.0   0.354256   0.252888   0   |                                |  0.494958 | -0.494958 |                                |  0.517240 | -0.517240 |                                |  0.529025 | -0.529025 |                                |  0.530810 | -0.530810 |                                |  0.527298 | -0.527298
10    1.0   0.253658   0.290636   0   |                                |  0.482702 | -0.482702 |                                |  0.503048 | -0.503048 |                                |  0.512881 | -0.512881 |                                |  0.512990 | -0.512990 |                                |  0.507955 | -0.507955
11    1.0   0.253427   0.432580   0   |                                |  0.464992 | -0.464992 |                                |  0.489864 | -0.489864 |                                |  0.504428 | -0.504428 |                                |  0.508611 | -0.508611 |                                |  0.507265 | -0.507265
12    1.0   0.324196   0.171284   0   |                                |  0.502904 | -0.502904 |                                |  0.521603 | -0.521603 |                                |  0.529702 | -0.529702 |                                |  0.528325 | -0.528325 |                                |  0.521946 | -0.521946
13    1.0   0.108672   0.160288   0   |                                |  0.488117 | -0.488117 |                                |  0.499716 | -0.499716 |                                |  0.500539 | -0.500539 |                                |  0.492908 | -0.492908 |                                |  0.480888 | -0.480888
14    1.0   0.127508   0.241640   0   |                                |  0.479370 | -0.479370 |                                |  0.494177 | -0.494177 |                                |  0.498320 | -0.498320 |                                |  0.493547 | -0.493547 |                                |  0.484109 | -0.484109
15    1.0   0.243771   0.403838   0   |                                |  0.467848 | -0.467848 |                                |  0.491502 | -0.491502 |                                |  0.504796 | -0.504796 |                                |  0.507887 | -0.507887 |                                |  0.505553 | -0.505553
16    1.0   0.198717   0.148065   0   |                                |  0.496396 | -0.496396 |                                |  0.510424 | -0.510424 |                                |  0.513733 | -0.513733 |                                |  0.508231 | -0.508231 |                                |  0.498119 | -0.498119
17    1.0   0.331425   0.016784   0   |                                |  0.522743 | -0.522743 |                                |  0.536644 | -0.536644 |                                |  0.539823 | -0.539823 |                                |  0.534228 | -0.534228 |                                |  0.524024 | -0.524024
18    1.0   0.209198   0.254884   0   |                                |  0.483835 | -0.483835 |                                |  0.501635 | -0.501635 |                                |  0.508847 | -0.508847 |                                |  0.506704 | -0.506704 |                                |  0.499633 | -0.499633
19    1.0   0.158770   0.355174   0   |                                |  0.467557 | -0.467557 |                                |  0.486977 | -0.486977 |                                |  0.495912 | -0.495912 |                                |  0.495264 | -0.495264 |                                |  0.489555 | -0.489555
20    1.0   0.446565   0.420026   0   |                                |  0.480998 | -0.480998 |                                |  0.511563 | -0.511563 |                                |  0.531879 | -0.531879 |                                |  0.540971 | -0.540971 |                                |  0.544066 | -0.544066
21    1.0   0.277422   0.253684   0   |                                |  0.489098 | -0.489098 |                                |  0.509001 | -0.509001 |                                |  0.518360 | -0.518360 |                                |  0.518061 | -0.518061 |                                |  0.512656 | -0.512656
22    1.0   0.306753   0.258857   0   |                                |  0.490650 | -0.490650 |                                |  0.511639 | -0.511639 |                                |  0.522109 | -0.522109 |                                |  0.522764 | -0.522764 |                                |  0.518224 | -0.518224
23    1.0   0.157525   0.415390   0   |                                |  0.459976 | -0.459976 |                                |  0.481267 | -0.481267 |                                |  0.492166 | -0.492166 |                                |  0.493216 | -0.493216 |                                |  0.489043 | -0.489043
24    1.0   0.245562   0.113026   0   |                                |  0.504289 | -0.504289 |                                |  0.518647 | -0.518647 |                                |  0.522289 | -0.522289 |                                |  0.517075 | -0.517075 |                                |  0.507218 | -0.507218
25    1.0   0.311092   0.261148   0   |                                |  0.490690 | -0.490690 |                                |  0.511888 | -0.511888 |                                |  0.522573 | -0.522573 |                                |  0.523413 | -0.523413 |                                |  0.519041 | -0.519041
26    1.0   0.184901   0.319042   0   |                                |  0.474011 | -0.474011 |                                |  0.493103 | -0.493103 |                                |  0.501675 | -0.501675 |                                |  0.500708 | -0.500708 |                                |  0.494704 | -0.494704
27    1.0   0.337570   0.344922   0   |                                |  0.482210 | -0.482210 |                                |  0.506938 | -0.506938 |                                |  0.521271 | -0.521271 |                                |  0.525242 | -0.525242 |                                |  0.523704 | -0.523704
28    1.0   0.239936   0.249019   0   |                                |  0.486871 | -0.486871 |                                |  0.505448 | -0.505448 |                                |  0.513450 | -0.513450 |                                |  0.511985 | -0.511985 |                                |  0.505526 | -0.505526
29    1.0   0.270831   0.303444   0   |                                |  0.482389 | -0.482389 |                                |  0.503687 | -0.503687 |                                |  0.514498 | -0.514498 |                                |  0.515447 | -0.515447 |                                |  0.511172 | -0.511172
30    1.0   0.239829   0.051167   0   |                                |  0.511589 | -0.511589 |                                |  0.523764 | -0.523764 |                                |  0.525160 | -0.525160 |                                |  0.518014 | -0.518014 |                                |  0.506405 | -0.506405
31    1.0   0.485228   0.234175   0   |                                |  0.507120 | -0.507120 |                                |  0.532862 | -0.532862 |                                |  0.548158 | -0.548158 |                                |  0.552968 | -0.552968 |                                |  0.552214 | -0.552214
32    1.0   0.298650   0.345351   0   |                                |  0.479242 | -0.479242 |                                |  0.502760 | -0.502760 |                                |  0.515863 | -0.515863 |                                |  0.518780 | -0.518780 |                                |  0.516287 | -0.516287
33    1.0   0.194229   0.201771   0   |                                |  0.489347 | -0.489347 |                                |  0.504968 | -0.504968 |                                |  0.509926 | -0.509926 |                                |  0.505844 | -0.505844 |                                |  0.497018 | -0.497018
34    1.0   0.382254   0.305898   0   |                                |  0.490433 | -0.490433 |                                |  0.515304 | -0.515304 |                                |  0.529754 | -0.529754 |                                |  0.533825 | -0.533825 |                                |  0.532382 | -0.532382
35    1.0   0.177916   0.344687   0   |                                |  0.470293 | -0.470293 |                                |  0.489984 | -0.489984 |                                |  0.499186 | -0.499186 |                                |  0.498764 | -0.498764 |                                |  0.493255 | -0.493255
36    1.0   0.320886   0.265745   0   |                                |  0.490849 | -0.490849 |                                |  0.512503 | -0.512503 |                                |  0.523655 | -0.523655 |                                |  0.524895 | -0.524895 |                                |  0.520886 | -0.520886
37    1.0   0.104033   0.317046   0   |                                |  0.468215 | -0.468215 |                                |  0.484693 | -0.484693 |                                |  0.490594 | -0.490594 |                                |  0.487345 | -0.487345 |                                |  0.479292 | -0.479292
38    1.0   0.167181   0.203727   0   |                                |  0.487076 | -0.487076 |                                |  0.501911 | -0.501911 |                                |  0.506065 | -0.506065 |                                |  0.501293 | -0.501293 |                                |  0.491848 | -0.491848
39    1.0   0.319686   0.279339   0   |                                |  0.489061 | -0.489061 |                                |  0.511116 | -0.511116 |                                |  0.522684 | -0.522684 |                                |  0.524282 | -0.524282 |                                |  0.520596 | -0.520596
40    1.0   0.373847   0.361022   0   |                                |  0.482917 | -0.482917 |                                |  0.509302 | -0.509302 |                                |  0.525331 | -0.525331 |                                |  0.530755 | -0.530755 |                                |  0.530534 | -0.530534
41    1.0   0.317137   0.315697   0   |                                |  0.484328 | -0.484328 |                                |  0.507475 | -0.507475 |                                |  0.520178 | -0.520178 |                                |  0.522750 | -0.522750 |                                |  0.519945 | -0.519945
42    1.0   0.288435   0.241347   0   |                                |  0.491465 | -0.491465 |                                |  0.511315 | -0.511315 |                                |  0.520614 | -0.520614 |                                |  0.520263 | -0.520263 |                                |  0.514812 | -0.514812
43    1.0   0.269890   0.322422   0   |                                |  0.479950 | -0.479950 |                                |  0.501827 | -0.501827 |                                |  0.513243 | -0.513243 |                                |  0.514711 | -0.514711 |                                |  0.510906 | -0.510906
44    1.0   0.152148   0.371461   0   |                                |  0.465036 | -0.465036 |                                |  0.484764 | -0.484764 |                                |  0.494028 | -0.494028 |                                |  0.493667 | -0.493667 |                                |  0.488217 | -0.488217
45    1.0   0.228016   0.095006   0   |                                |  0.505225 | -0.505225 |                                |  0.518452 | -0.518452 |                                |  0.520931 | -0.520931 |                                |  0.514715 | -0.514715 |                                |  0.503952 | -0.503952
46    1.0   0.253936   0.415907   0   |                                |  0.467104 | -0.467104 |                                |  0.491464 | -0.491464 |                                |  0.505488 | -0.505488 |                                |  0.509206 | -0.509206 |                                |  0.507438 | -0.507438
47    1.0   0.405712   0.266375   0   |                                |  0.497132 | -0.497132 |                                |  0.521455 | -0.521455 |                                |  0.535325 | -0.535325 |                                |  0.538901 | -0.538901 |                                |  0.537016 | -0.537016
48    1.0   0.334362   0.342549   0   |                                |  0.482266 | -0.482266 |                                |  0.506817 | -0.506817 |                                |  0.520968 | -0.520968 |                                |  0.524783 | -0.524783 |                                |  0.523104 | -0.523104
49    1.0   0.123696   0.419725   0   |                                |  0.456919 | -0.456919 |                                |  0.477275 | -0.477275 |                                |  0.487226 | -0.487226 |                                |  0.487469 | -0.487469 |                                |  0.482573 | -0.482573
... (5950 more samples)
==========================================================================================================================================================================================================================================================

ITERATION SUMMARY:
----------------------------------------------------------------------------------------------------
Iteration    β0 (bias)       β1 (X0)         β2 (X1)         Avg |Error| 
----------------------------------------------------------------------------------------------------
0            0.000000        0.300000        -0.500000       0.510181    
1            0.000000        0.300000        -0.500000       0.510181    
2            0.007334        0.333837        -0.465243       0.506780    
3            0.011559        0.365886        -0.432262       0.503541    
4            0.013036        0.396339        -0.400865       0.500456    
5            0.012088        0.425368        -0.370884       0.497513    
6            0.009003        0.453129        -0.342163       0.494701    
7            0.004038        0.479757        -0.314568       0.492006    
8            -0.002581       0.505376        -0.287978       0.489418    
9            -0.010651       0.530093        -0.262285       0.486925    
10           -0.019996       0.554005        -0.237395       0.484519    
11           -0.030458       0.577195        -0.213224       0.482188    
12           -0.041897       0.599740        -0.189697       0.479926    
13           -0.054192       0.621704        -0.166749       0.477725    
14           -0.067233       0.643147        -0.144321       0.475579    
15           -0.080926       0.664119        -0.122363       0.473482    
16           -0.095185       0.684668        -0.100829       0.471429    
17           -0.109937       0.704832        -0.079680       0.469416    
18           -0.125114       0.724649        -0.058879       0.467438    
19           -0.140660       0.744149        -0.038395       0.465493    
20           -0.156522       0.763360        -0.018200       0.463578    
====================================================================================================